910544
910545
910546
910547
910548
910549
910550
910551
910552
910553
910554
910555
910556
910557
910558
910544
910545
910546
910547
910548
910549
910550
910551
910552
910553
910554
910555
910556
910557
910558
910544
910545
910546
910547
910548
910549
910550
910551
910552
910553
910554
910555
910556
910557
910558
910544
910545
910546
910547
910548
910549
910550
910551
910552
910553
910554
910555
910556
910557
910558
910544
910545
910546
910547
910548
910549
910550
910551
910552
910553
910554
910555
910556
910557
910558
910544
910545
910546
910547
910548
910549
910550
910551
910552
910553
910554
910555
910556
910557
910558
910544
910545
910546
910547
910548
910549
910550
910551
910552
910553
910554
910555
910556
910557
910558
910544
910545
910546
910547
910548
910549
910550
910551
910552
910553
910554
910555
910556
910557
910558

910544
910545
910546
910547
910548
910549
910550
910551
910552
910553
910554
910555
910556
910557
910558
910544
910545
910546
910547
910548
910549
910550
910551
910552
910553
910554
910555
910556
910557
910558
910544
910545
910546
910547
910548
910549
910550
910551
910552
910553
910554
910555
910556
910557
910558
910544
910545
910546
910547
910548
910549
910550
910551
910552
910553
910554
910555
910556
910557
910558
910544
910545
910546
910547
910548
910549
910550
910551
910552
910553
910554
910555
910556
910557
910558
910544
910545
910546
910547
910548
910549
910550
910551
910552
910553
910554
910555
910556
910557
910558
910544
910545
910546
910547
910548
910549
910550
910551
910552
910553
910554
910555
910556
910557
910558
910544
910545
910546
910547
910548
910549
910550
910551
910552
910553
910554
910555
910556
910557
910558

910544
910545
910546
910547
910548
910549
910550
910551
910552
910553
910554
910555
910556
910557
910558
910544
910545
910546
910547
910548
910549
910550
910551
910552
910553
910554
910555
910556
910557
910558
910544
910545
910546
910547
910548
910549
910550
910551
910552
910553
910554
910555
910556
910557
910558
910544
910545
910546
910547
910548
910549
910550
910551
910552
910553
910554
910555
910556
910557
910558
910544
910545
910546
910547
910548
910549
910550
910551
910552
910553
910554
910555
910556
910557
910558
910544
910545
910546
910547
910548
910549
910550
910551
910552
910553
910554
910555
910556
910557
910558
910544
910545
910546
910547
910548
910549
910550
910551
910552
910553
910554
910555
910556
910557
910558
910544
910545
910546
910547
910548
910549
910550
910551
910552
910553
910554
910555
910556
910557
910558

