2000000
2000001
2000002
2000003
2000004
2000005
2000006
2000007
2000008
2000009
2000020
2000021
2000022
2000023
2000024
2000025
2000026
2000027
2000028
2000029
2000040
2000041
2000042
2000043
2000044
2000045
2000046
2000047
2000048
2000049
2010000
2010001
2010002
2010003
2010004
2010005
2010006
2010007
2010008
2010009
2010020
2010021
2010022
2010023
2010024
2010025
2010026
2010027
2010028
2010029
2010040
2010041
2010042
2010043
2010044
2010045
2010046
2010047
2010048
2010049
2013000
2013001
2013002
2013003
2013004
2013005
2013006
2013007
2013008
2013009
2012020
2012021
2012022
2012023
2012024
2012025
2012026
2012027
2012028
2012029
2002020
2002021
2002022
2002023
2002024
2002025
2002026
2002027
2002028
2002029
2003000
2003001
2003002
2003003
2003004
2003005
2003006
2003007
2003008
2003009
