2001000
2001001
2001002
2001003
2001004
2001005
2001006
2001007
2001008
2001009
2001020
2001021
2001022
2001023
2001024
2001025
2001026
2001027
2001028
2001029
2011000
2011001
2011002
2011003
2011004
2011005
2011006
2011007
2011008
2011009
2011020
2011021
2011022
2011023
2011024
2011025
2011026
2011027
2011028
2011029
2011040
2011041
2011042
2011043
2011044
2011045
2011046
2011047
2011048
2011049
2001040
2001041
2001042
2001043
2001044
2001045
2001046
2001047
2001048
2001049
2011060
2011061
2011062
2011063
2011064
2011065
2011066
2011067
2011068
2011069
2012000
2012001
2012002
2012003
2012004
2012005
2012006
2012007
2012008
2012009
2002000
2002001
2002002
2002003
2002004
2002005
2002006
2002007
2002008
2002009
