202600101
202600102
202600103
202600104
202600105
202600106
202600107
202600108
202600109
202600110
202600111
202600112
202600113
202600114
202600115
202600116
202600117
202600118
202600119
202600120
202600121
202600122
202600123
202600124
202600125
202600126
202600127
202600128
202600129
202600130
202600131
202600132
202600133
202600134
202600135
202600136
202600137
202600138
202600139
202600140
202600141
202600142
202600143
202600144
202600145
202600146
202600147
202600148
202600149
202600150
202600151
202600152
202600153
202600154
202600155
202600156
202600157
202600158
202600159
202600160
202600161
202600162
202600163
202600164
202600165
202600166
202600167
202600168
202600169
202600170
202600171
202600172
202600173
202600174
202600175
202600176
202600177
202600178
202600179
202600180
202600181
202600182
202600183
202600184
202600185
202600186
202600187
202600188
202600189
202600190
202600191
202600192
202600193
202600194
202600195
202600196
202600197
202600198
202600199
202600200
