4100001
4100002
4100003
4100010
4100020
4100030
4100040
4100050
4100060
4100070
4100080
4100090
4100100
4100110
4100120
4100130
4100140
4100150
4100160
4100170
4100180
4100190
4100200
4100210
4100220
4100230
4100240
4100250
4100260
4100270
4100280
4100290
4100300
4100310
4100320
4100330
4100340
4100350
4100360
4100370
4100380
4100390
4100400
4100410
4100420
4100430
4100440
4100450
4100460
4100470
4100480
4100490
4100500
4100510
4100520
4100530
4100540
4100550
4100560
4100570
4100580
4100590
4100600
4100610
4100620
4100630
4100640
4100650
4100660
4100670
4100680
4100690
4100700
4100710
4100720
4100730
4100740
4100750
4100760
4100770
4100780
4100790
4100800
4100810
4100820
4100830
4100840
4100850
4100860
4100870
4100880
4100890
4100900
4100910
4100920
4100930
4100940
4100950
4100960
4100970
4100980
4100990
4101000
4101010
4101020
4101030
4101040
4101050
4101060
4101070
4101080
4101090
4101100
4101110
4101120
4101130
4101140
4101150
4101160
4101170
4101180
4101190
4101200
4101210
4101220
4101230
4101240
4101250
4101260
4101270
4101280
4101290
4101300
4101310
4101320
4101330
4101340
4101350
4101360
4101370
4101380
4101390
4101400
4101410
4101420
4101430
4101440
4101450
4101460
4101470
4101480
4101490
4101500
4101510
4101520
4101530
4101540
4101550
4101560
4101570
4101580
4101590
4101600
4101610
4101620
4101630
4101640
4101650
4101660
4101670
4101680
4101690
4101700
4101710
4101720
4101730
4101740
4101750
4101760
4101770
4101780
4101790
4101800
4101810
4101820
4101830
4101840
4101850
4101860
4101870
4101880
4101890
4101900
4101910
4101920
4101930
4101940
4101950
4101960
4101970
4101980
4101990
4102000
4102010
4102020
4102030
4102040
4102050
4102060
4102070
4102080
4102090
4102100
4102110
4102120
4102130
4102140
4102150
4102160
4102170
4102180
4102190
4102200
4102210
4102220
4200001
4200002
4200003
4200010
4200020
4200030
4200040
4200050
4200060
4200070
4200080
4200090
4200100
4200110
4200120
4200130
4200140
4200150
4200160
4200170
4200180
4200190
4200200
4200210
4200220
4200230
4200240
4200250
4200260
4200270
4200280
4200290
4200300
4200310
4200320
4200330
4200340
4200350
4200360
4200370
4200380
4200390
4200400
4200410
4200420
4200430
4200440
4200450